100;4235;3043;2698;2772
200;2919765;21960;21569;14394
300;29400;34661;26638;28709
400;42421;76559;52750;215791
500;107035;75477;57134;77978
600;104750;117549;92090;80387
700;150281;170649;112534;96059
800;200186;220626;775615;151997
900;233409;236417;224581;165451
1000;223998;262610;320307;258607
1100;291727;333873;4083736;293029
1200;330209;401374;336974;272600
1300;431111;452386;387018;320839
1400;450068;498141;436961;5457971
1500;658514;1094114;965679;747228
1600;1255894;6882527;838915;669602
1700;1200444;909952;4632388;611565
1800;747996;1074027;727885;617552
1900;902474;6032032;889831;752680
2000;1055142;1030362;6196698;776729
2100;1320252;1172421;6562254;1178465
2200;1288322;1272043;5798395;958114
2300;1224568;2205626;5909375;1168406
2400;1611856;6713986;1665904;1427085
2500;1482634;7398647;1643461;1142517
2600;6311996;2140605;7101488;1742359
2700;2082376;7301483;2414517;6608404
2800;3354816;8891909;3827004;3957718
2900;2368793;7105238;2152983;1586707
3000;8084556;8644817;3394674;6391576
3100;3602097;9108637;8941371;3274824
3200;8020262;7219372;2571931;7448403
3300;3343110;9327536;8402331;8767918
3400;5132628;9310787;8190901;8113590
3500;10304317;10894997;13666018;7507196
3600;13068337;7794951;8039313;7775703
3700;3274160;8520994;8489004;2622752
3800;8413957;9283562;11353282;10543848
3900;12116429;15145773;10287003;10161567
4000;10652238;11501261;17843049;10090568
4100;11796432;13025372;16868624;10486495
